85 91 52 75 74 56 87 50 57 55
59 87 81 98 46 44 73 60 83 86 100
46 70 80 80 86 78 52 67 43 58 52 82
67 67 62 71 67 55 43
62 51 53 73 63 94 78 96 92 46 95 46 73
80 59 85 94 41 43 83 73 52 93 48 58
57 91 47 56 78 98 69 74 67 56
68 69 42 86 94 53 70 71 80 47 51 66 61 70 89 94
91 69 82 73 59 73 72 41 84
67 56 62 99 69 55
75 69 41 54 64 59 72 77 45 57 49 67 42 84 45
48 86 81 53 100 81 76 84 78 86 94 87 65 81
85 71 63 46 48 82 71 59 59 97 43
71 75 99 76 45 98 90 85 64 91 81 54
51 64 51 81 79 66 73 64 60 55 44 56
96 49 48 89 73 92 86 84 65 48 79 87 81
80 58 61 98 56 73 42 71 75 55 98
61 87 48 45 70 97 60 65 67 42 59 84
53 73 73 73 58 45 89 88 99 71 49 91 55
91 51 77 41 73 63 99 44 49 67
94 87 44 54 41 75 58 69 79 55 86 50 80 88 92 77
62 64 45 55 95 46 70 75 84 64 57 82 88 98
55 79 58 42 65 77 64 88 45 46 41 83 96 52 57 95
94 43 81 51 88 97 44 68 99 46 59 95
74 97 99 93 76 45 50 90 48
81 95 94 49 76 79 42 78 74 76 56 81 95
53 93 84 48 86 60 44 53 61 50 88
85 79 63 82 80 87 66 78 91 46 50 92 41 86
50 84 70 100 47 99 95 41 88 93
88 67 65 48 51 85 68 96 66 41 94 41
65 96 50 93 94 85 90 82 71
55 76 97 71 58 76 100 92 89 75 57 42
82 97 66 79 97 100 70 50 80 91 53
51 80 56 85 79 59 96 74 63 78 97 44 75 58
76 44 100 61 63 43 75 54 85 91 43 66
93 54 62 64 59 91 97 50 53
54 69 41 91 71 60 81 73 52
56 93 76 49 80 100 88 54 43 73 49
75 67 84 51 77 55 68 92 65 95 41 96 71
92 96 73 61 77 95 74 86 53 58 86 46 82
62 61 75 93 91 83 81 80 82 72 87
64 58 45 59 47 59 46 87 69 81 66
54 59 50 53 53 65 54 89 84
95 78 89 56 43 97 74 44 79 59 51
87 79 45 63 55 61 91 80 48
73 85 100 87 91 86 82 49 61 66 80 96 55
62 41 65 86 64 66 80 42 89 53 74 52 96 66 72 62 46
60 97 62 59 63 73 87 44 93 61 69 90 64
58 77 50 89 50 93 41 97 66
55 90 84 42 88 81 93 74 87 71 91
48 43 93 83 70 74 60 83 41 68 98 69
78 42 57 92 90 53 67 75 87 73 81
63 48 47 94 46 67 78 54 70 92 89 57 61
87 63 63 59 92 75 72 68 83 95 90 93 50 56 70
56 66 47 66 56 46 51 72 90 71 92 47 78
43 59 68 83 71 94 82 50
60 88 52 60 95 89 76 62 59 71 75 57 78 70 68 94 85 92 88
41 57 55 67 50 74 93 75 97 47 51 86
54 49 47 77 96 42 92 86 57
59 74 65 84 93 71 76 88 94 46 48 92 53 100
74 77 63 72 58 87 57 69 66 48 68
97 41 61 89 45 41 100 79
48 99 94 96 54 70 92 41 52 42 42 70 62 66 82
43 72 72 56 55 89 87 72 93 89 99 99
80 45 72 59 75 87 45 61 56 69 52
88 75 82 81 44 85 45 60 88 84 62 91 100
52 85 48 96 61 96 93 45 70 65 72 96 59 42 59
91 92 48 52 83 87 81 96 93 73 62
86 62 41 66 95 99 89 65 68 74 92 89 82 69
59 95 99 72 83 83 48 93 62 83 80 71
96 80 74 55 88 77 78 60 51 64 46 69 56 89 79
78 100 62 66 61 96 77 62 46
93 53 57 94 62 96 62 69 55 45 42 96 60 81 61
55 79 52 77 43 93 50 69 92 76
69 81 42 45 100 43 97 93 43 71 91 78 94
59 42 59 90 60 77 54 63 66 67 86 49 63 75 63
97 99 80 43 49 60 99 73 79 92 89 88 71
69 48 90 73 46 88 63 92 43 85 52 46 82
61 98 65 77 56 75 51 74 99 91 81
80 70 58 71 71 93 53 60 79 87
52 47 74 58 82 65 89 52 94 52 86 93 97
72 42 90 73 48 87 91 79 77 63 63 76 78 67 95 59
84 44 45 88 65 80 48 54 84 79 64 79
56 48 57 55 67 55 71 87 61 81 95 57 43 95 57 57
54 60 83 78 87 53 70 47 41 53 68 74 58
70 61 49 85 82 78 55 84 59 66
73 51 45 54 56 81 95 96 62 91 92 93 87
96 45 77 58 43 82 76 50 53 74 43 58 76
79 60 59 90 69 56 63 67
41 87 74 82 72 85 94 45 46 81
72 51 43 41 51 49 82 85 65 60 84 83 67 50 52 46
78 50 77 48 64 68 69 53 97
59 69 54 73 71 59 47 43 54 49 74 96 79
76 57 95 41 74 63 74 49 60
67 72 89 72 53 85 57 72 74 86 62 61 68
85 76 68 93 51 61 93 80 62 100 62 79 92
87 57 60 75 96 59 74 92 89 74 81
45 84 78 72 50 96 85 59 96 54 91 81 76 84
57 48 66 53 88 96 45 64 94 44 88
89 51 83 82 99 73 87 82 52 55 90
